Etiqueta	Magnitud_Z	Des_Mag_Z	Fase_Z	Des_Fase_Z	Pro_Mag_Z	Pro_Fase_Z	Presión
31ENE_000mmHg_12500Hz_M1_C100_1	73.02466255	0.63286206	0.30979743	0.369720347	71.3277079	0.45436234	0
31ENE_000mmHg_12500Hz_M1_C100_2	73.04053549	0.533496242	0.450427835	0.561486022	71.3277079	0.45436234	0
31ENE_000mmHg_12500Hz_M1_C100_3	73.19307512	0.528562678	0.504879643	0.450528785	71.3277079	0.45436234	0
31ENE_000mmHg_12500Hz_M1_C100_4	72.96395455	0.625253556	0.409342837	0.502480642	71.3277079	0.45436234	0
31ENE_000mmHg_12500Hz_M1_C100_5	72.94045423	0.470870156	0.423388826	0.371041835	71.3277079	0.45436234	0
31ENE_000mmHg_12500Hz_M1_C100_6	72.88671832	0.729147638	0.411425074	0.495103542	71.3277079	0.45436234	0
31ENE_000mmHg_12500Hz_M1_C100_7	72.73192831	0.691486729	0.428916577	0.330783045	71.3277079	0.45436234	0
31ENE_000mmHg_12500Hz_M1_C100_8	72.80589224	0.751297445	0.335258031	0.360329374	71.3277079	0.45436234	0
31ENE_000mmHg_12500Hz_M1_C100_9	72.61994148	0.604080863	0.445088054	0.435813058	71.3277079	0.45436234	0
31ENE_000mmHg_12500Hz_M1_C100_10	72.57638231	0.726837457	0.343909226	0.710902208	71.3277079	0.45436234	0
31ENE_000mmHg_12500Hz_M1_C100_11	72.33735752	0.651802205	0.316601016	0.488528625	71.3277079	0.45436234	0
31ENE_000mmHg_12500Hz_M1_C100_12	72.38814809	0.427452627	0.379892895	0.402608312	71.3277079	0.45436234	0
31ENE_000mmHg_12500Hz_M1_C100_13	72.31847816	0.699155245	0.373715939	0.512586994	71.3277079	0.45436234	0
31ENE_000mmHg_12500Hz_M1_C100_14	72.22778737	0.460667618	0.296126076	0.472837034	71.3277079	0.45436234	0
31ENE_000mmHg_12500Hz_M1_C100_15	72.08662547	0.61825474	0.377765682	0.495041451	71.3277079	0.45436234	0
31ENE_000mmHg_12500Hz_M1_C100_16	71.93132695	0.779089771	0.274154741	0.568084959	71.3277079	0.45436234	0
31ENE_000mmHg_12500Hz_M1_C100_17	71.9793149	0.58246353	0.324517501	0.528072951	71.3277079	0.45436234	0
31ENE_000mmHg_12500Hz_M1_C100_18	71.89901225	0.441859159	0.339141799	0.554695768	71.3277079	0.45436234	0
31ENE_000mmHg_12500Hz_M1_C100_19	71.76009273	0.695263241	0.338561529	0.538071581	71.3277079	0.45436234	0
31ENE_000mmHg_12500Hz_M1_C100_20	71.89147695	0.588023575	0.418468154	0.563053236	71.3277079	0.45436234	0
31ENE_000mmHg_12500Hz_M1_C100_21	71.48883021	0.502678216	0.51137281	0.364808038	71.3277079	0.45436234	0
31ENE_000mmHg_12500Hz_M1_C100_22	71.54864931	0.508977908	0.514460833	0.41812325	71.3277079	0.45436234	0
31ENE_000mmHg_12500Hz_M1_C100_23	71.27049647	0.6532218	0.386894729	0.669097392	71.3277079	0.45436234	0
31ENE_000mmHg_12500Hz_M1_C100_24	71.32730115	0.49500664	0.558551597	0.522884473	71.3277079	0.45436234	0
31ENE_000mmHg_12500Hz_M1_C100_25	71.35968365	0.581314777	0.491470074	0.388365456	71.3277079	0.45436234	0
31ENE_000mmHg_12500Hz_M1_C100_26	71.22562001	0.704344746	0.532733626	0.509222542	71.3277079	0.45436234	0
31ENE_000mmHg_12500Hz_M1_C100_27	71.21488611	0.58114669	0.654081108	0.56180902	71.3277079	0.45436234	0
31ENE_000mmHg_12500Hz_M1_C100_28	70.99017299	0.698964373	0.514405814	0.551027732	71.3277079	0.45436234	0
31ENE_000mmHg_12500Hz_M1_C100_29	71.02618811	0.606689771	0.536904831	0.406414663	71.3277079	0.45436234	0
31ENE_000mmHg_12500Hz_M1_C100_30	70.86049048	0.5554978	0.589209614	0.413131796	71.3277079	0.45436234	0
31ENE_000mmHg_12500Hz_M1_C100_31	70.8294498	0.419217077	0.369717694	0.493869099	71.3277079	0.45436234	0
31ENE_000mmHg_12500Hz_M1_C100_32	70.67051094	0.769746705	0.551729929	0.532820305	71.3277079	0.45436234	0
31ENE_000mmHg_12500Hz_M1_C100_33	70.70496249	0.718165433	0.539320862	0.509115308	71.3277079	0.45436234	0
31ENE_000mmHg_12500Hz_M1_C100_34	70.77489254	0.455971637	0.606738361	0.663394447	71.3277079	0.45436234	0
31ENE_000mmHg_12500Hz_M1_C100_35	70.64574087	0.839866736	0.534607002	0.476062393	71.3277079	0.45436234	0
31ENE_000mmHg_12500Hz_M1_C100_36	70.38886701	0.78065158	0.569274258	0.420669623	71.3277079	0.45436234	0
31ENE_000mmHg_12500Hz_M1_C100_37	70.3572003	0.438086049	0.534030735	0.442880544	71.3277079	0.45436234	0
31ENE_000mmHg_12500Hz_M1_C100_38	70.40974421	0.673677595	0.513483355	0.446701867	71.3277079	0.45436234	0
31ENE_000mmHg_12500Hz_M1_C100_39	70.51855548	0.666505136	0.521805361	0.652602434	71.3277079	0.45436234	0
31ENE_000mmHg_12500Hz_M1_C100_40	70.15181969	0.524620953	0.497876637	0.409823082	71.3277079	0.45436234	0
31ENE_000mmHg_12500Hz_M1_C100_41	70.15056444	0.486966018	0.470317324	0.50691454	71.3277079	0.45436234	0
31ENE_000mmHg_12500Hz_M1_C100_42	70.19511616	0.530145345	0.411934582	0.49703399	71.3277079	0.45436234	0
31ENE_000mmHg_12500Hz_M1_C100_43	70.00445794	0.547080713	0.592203389	0.625875672	71.3277079	0.45436234	0
31ENE_000mmHg_12500Hz_M1_C100_44	70.07873927	0.561432668	0.389736286	0.561044478	71.3277079	0.45436234	0
31ENE_000mmHg_12500Hz_M1_C100_45	69.92229479	0.545233838	0.451609049	0.555285732	71.3277079	0.45436234	0
31ENE_000mmHg_12500Hz_M1_C100_46	69.81634024	0.503633483	0.441280815	0.415006265	71.3277079	0.45436234	0
31ENE_000mmHg_12500Hz_M1_C100_47	69.92561739	0.637845368	0.566168415	0.444446922	71.3277079	0.45436234	0
31ENE_000mmHg_12500Hz_M1_C100_48	69.78455142	0.689525395	0.491357096	0.513156952	71.3277079	0.45436234	0
31ENE_000mmHg_12500Hz_M1_C100_49	69.45791569	0.611024485	0.403906998	0.520779326	71.3277079	0.45436234	0
31ENE_000mmHg_12500Hz_M1_C100_50	69.68257062	0.500878753	0.469554932	0.46552495	71.3277079	0.45436234	0
31ENE_030mmHg_12500Hz_M1_C100_1	68.9867696	0.7198866	0.334515805	0.477125448	67.54913163	0.376846534	30
31ENE_030mmHg_12500Hz_M1_C100_2	68.75491781	0.762840408	0.289845406	0.400277804	67.54913163	0.376846534	30
31ENE_030mmHg_12500Hz_M1_C100_3	68.83201037	0.803107336	0.33594389	0.687106581	67.54913163	0.376846534	30
31ENE_030mmHg_12500Hz_M1_C100_4	68.63297228	0.638888674	0.415336753	0.435521532	67.54913163	0.376846534	30
31ENE_030mmHg_12500Hz_M1_C100_5	68.62201773	0.791909275	0.359355034	0.574332786	67.54913163	0.376846534	30
31ENE_030mmHg_12500Hz_M1_C100_6	68.63182193	0.656303071	0.504944048	0.642575791	67.54913163	0.376846534	30
31ENE_030mmHg_12500Hz_M1_C100_7	68.70519679	0.742184732	0.376539125	0.588420517	67.54913163	0.376846534	30
31ENE_030mmHg_12500Hz_M1_C100_8	68.47676293	0.630852413	0.333655192	0.583236902	67.54913163	0.376846534	30
31ENE_030mmHg_12500Hz_M1_C100_9	68.43565892	0.480306766	0.255950024	0.598643746	67.54913163	0.376846534	30
31ENE_030mmHg_12500Hz_M1_C100_10	68.36571254	0.566747619	0.427827559	0.44334538	67.54913163	0.376846534	30
31ENE_030mmHg_12500Hz_M1_C100_11	68.32432301	0.555134484	0.448482291	0.448855381	67.54913163	0.376846534	30
31ENE_030mmHg_12500Hz_M1_C100_12	68.2603903	0.61401457	0.397845641	0.555571194	67.54913163	0.376846534	30
31ENE_030mmHg_12500Hz_M1_C100_13	68.23983919	0.493129767	0.307392594	0.375245021	67.54913163	0.376846534	30
31ENE_030mmHg_12500Hz_M1_C100_14	68.04178081	0.609933585	0.470856825	0.554514709	67.54913163	0.376846534	30
31ENE_030mmHg_12500Hz_M1_C100_15	67.9808764	0.599791353	0.418128007	0.527457252	67.54913163	0.376846534	30
31ENE_030mmHg_12500Hz_M1_C100_16	68.02349808	0.713404662	0.271429401	0.484870946	67.54913163	0.376846534	30
31ENE_030mmHg_12500Hz_M1_C100_17	68.0709682	0.736678496	0.384468477	0.463793283	67.54913163	0.376846534	30
31ENE_030mmHg_12500Hz_M1_C100_18	67.92595419	0.45243065	0.406084456	0.406602374	67.54913163	0.376846534	30
31ENE_030mmHg_12500Hz_M1_C100_19	67.86319742	0.59849871	0.229211672	0.623188176	67.54913163	0.376846534	30
31ENE_030mmHg_12500Hz_M1_C100_20	67.62968042	0.637722422	0.432082005	0.626203875	67.54913163	0.376846534	30
31ENE_030mmHg_12500Hz_M1_C100_21	67.80915456	0.683051534	0.411037236	0.380868316	67.54913163	0.376846534	30
31ENE_030mmHg_12500Hz_M1_C100_22	67.76393823	0.61934548	0.302061348	0.548687833	67.54913163	0.376846534	30
31ENE_030mmHg_12500Hz_M1_C100_23	67.65166127	0.72832828	0.503440187	0.441781515	67.54913163	0.376846534	30
31ENE_030mmHg_12500Hz_M1_C100_24	67.56338601	0.839404378	0.446584701	0.469823335	67.54913163	0.376846534	30
31ENE_030mmHg_12500Hz_M1_C100_25	67.51171269	0.614107188	0.548552138	0.718205758	67.54913163	0.376846534	30
31ENE_030mmHg_12500Hz_M1_C100_26	67.49111128	0.615527738	0.460570586	0.568437832	67.54913163	0.376846534	30
31ENE_030mmHg_12500Hz_M1_C100_27	67.54217819	0.592860001	0.347881741	0.395696481	67.54913163	0.376846534	30
31ENE_030mmHg_12500Hz_M1_C100_28	67.3033208	0.770406101	0.373822171	0.570266887	67.54913163	0.376846534	30
31ENE_030mmHg_12500Hz_M1_C100_29	67.38149613	0.688458761	0.387520132	0.66932828	67.54913163	0.376846534	30
31ENE_030mmHg_12500Hz_M1_C100_30	67.24166277	0.551746252	0.357558213	0.468201124	67.54913163	0.376846534	30
31ENE_030mmHg_12500Hz_M1_C100_31	67.24420944	0.647591681	0.301376244	0.434442614	67.54913163	0.376846534	30
31ENE_030mmHg_12500Hz_M1_C100_32	67.32970762	0.649028318	0.454639089	0.477038938	67.54913163	0.376846534	30
31ENE_030mmHg_12500Hz_M1_C100_33	67.01938559	0.909288658	0.435843622	0.531845002	67.54913163	0.376846534	30
31ENE_030mmHg_12500Hz_M1_C100_34	67.15262137	0.572279643	0.320554592	0.458144638	67.54913163	0.376846534	30
31ENE_030mmHg_12500Hz_M1_C100_35	67.00233043	0.511398483	0.418118085	0.541213985	67.54913163	0.376846534	30
31ENE_030mmHg_12500Hz_M1_C100_36	67.08716856	0.587620124	0.224881953	0.528156794	67.54913163	0.376846534	30
31ENE_030mmHg_12500Hz_M1_C100_37	66.76874717	0.767516415	0.300976939	0.58446605	67.54913163	0.376846534	30
31ENE_030mmHg_12500Hz_M1_C100_38	66.75498535	0.702682585	0.481738735	0.775755177	67.54913163	0.376846534	30
31ENE_030mmHg_12500Hz_M1_C100_39	66.74980475	0.706459904	0.417151916	0.334110935	67.54913163	0.376846534	30
31ENE_030mmHg_12500Hz_M1_C100_40	67.00445853	0.620355844	0.321276006	0.718019187	67.54913163	0.376846534	30
31ENE_030mmHg_12500Hz_M1_C100_41	66.64623507	0.611676169	0.425528119	0.523038365	67.54913163	0.376846534	30
31ENE_030mmHg_12500Hz_M1_C100_42	66.53841154	0.724372912	0.357081035	0.672843292	67.54913163	0.376846534	30
31ENE_030mmHg_12500Hz_M1_C100_43	66.73492962	0.694073596	0.473874896	0.448663182	67.54913163	0.376846534	30
31ENE_030mmHg_12500Hz_M1_C100_44	66.580218	0.703460912	0.338765286	0.579401061	67.54913163	0.376846534	30
31ENE_030mmHg_12500Hz_M1_C100_45	66.52081137	0.747021794	0.224071178	0.470949429	67.54913163	0.376846534	30
31ENE_030mmHg_12500Hz_M1_C100_46	66.53596067	0.835334856	0.284735924	0.442281069	67.54913163	0.376846534	30
31ENE_030mmHg_12500Hz_M1_C100_47	66.54942147	0.482774465	0.363693428	0.424428351	67.54913163	0.376846534	30
31ENE_030mmHg_12500Hz_M1_C100_48	66.43354763	0.719463745	0.48964285	0.680700409	67.54913163	0.376846534	30
31ENE_030mmHg_12500Hz_M1_C100_49	66.38368176	0.73915216	0.176780505	0.592243364	67.54913163	0.376846534	30
31ENE_030mmHg_12500Hz_M1_C100_50	66.35597484	0.663948565	0.492673641	0.655826749	67.54913163	0.376846534	30
31ENE_060mmHg_12500Hz_M1_C100_1	65.81156629	0.543682896	0.266812657	0.460325402	64.86168593	0.367495526	60
31ENE_060mmHg_12500Hz_M1_C100_2	65.78913557	0.6402633	0.290646636	0.481700749	64.86168593	0.367495526	60
31ENE_060mmHg_12500Hz_M1_C100_3	65.87874119	0.621093813	0.376222376	0.643435858	64.86168593	0.367495526	60
31ENE_060mmHg_12500Hz_M1_C100_4	65.70766338	0.53863713	0.294670864	0.479146527	64.86168593	0.367495526	60
31ENE_060mmHg_12500Hz_M1_C100_5	65.88549684	0.645275743	0.490158945	0.573447139	64.86168593	0.367495526	60
31ENE_060mmHg_12500Hz_M1_C100_6	65.84610946	0.537567826	0.438893721	0.525774549	64.86168593	0.367495526	60
31ENE_060mmHg_12500Hz_M1_C100_7	65.71058361	0.442288232	0.275716533	0.641535458	64.86168593	0.367495526	60
31ENE_060mmHg_12500Hz_M1_C100_8	65.87523568	0.736927008	0.376851285	0.432998718	64.86168593	0.367495526	60
31ENE_060mmHg_12500Hz_M1_C100_9	65.39031701	0.499579024	0.288735992	0.521000668	64.86168593	0.367495526	60
31ENE_060mmHg_12500Hz_M1_C100_10	65.58787045	0.737933247	0.360612594	0.556660297	64.86168593	0.367495526	60
31ENE_060mmHg_12500Hz_M1_C100_11	65.63823775	0.624847332	0.278103013	0.507172688	64.86168593	0.367495526	60
31ENE_060mmHg_12500Hz_M1_C100_12	65.49025221	0.589902484	0.330136321	0.428132846	64.86168593	0.367495526	60
31ENE_060mmHg_12500Hz_M1_C100_13	65.45852102	0.696345786	0.289744965	0.468638701	64.86168593	0.367495526	60
31ENE_060mmHg_12500Hz_M1_C100_14	65.2302929	0.538587859	0.377083136	0.433181277	64.86168593	0.367495526	60
31ENE_060mmHg_12500Hz_M1_C100_15	65.43667405	0.673413376	0.257911229	0.535100452	64.86168593	0.367495526	60
31ENE_060mmHg_12500Hz_M1_C100_16	65.14486483	0.680058192	0.504435745	0.6769166	64.86168593	0.367495526	60
31ENE_060mmHg_12500Hz_M1_C100_17	65.27049573	0.485726543	0.243024529	0.680417801	64.86168593	0.367495526	60
31ENE_060mmHg_12500Hz_M1_C100_18	64.95908356	0.603822115	0.359341538	0.480510998	64.86168593	0.367495526	60
31ENE_060mmHg_12500Hz_M1_C100_19	65.10659796	0.847052085	0.677657779	0.826298008	64.86168593	0.367495526	60
31ENE_060mmHg_12500Hz_M1_C100_20	65.02624639	0.811713687	0.588869963	0.860473559	64.86168593	0.367495526	60
31ENE_060mmHg_12500Hz_M1_C100_21	65.15629586	0.701916792	0.465604467	0.733513713	64.86168593	0.367495526	60
31ENE_060mmHg_12500Hz_M1_C100_22	64.62309456	0.902827328	0.266077009	0.762173885	64.86168593	0.367495526	60
31ENE_060mmHg_12500Hz_M1_C100_23	65.02418702	0.598628685	0.307366534	0.559994377	64.86168593	0.367495526	60
31ENE_060mmHg_12500Hz_M1_C100_24	65.01235954	0.63789501	0.368040032	0.625776336	64.86168593	0.367495526	60
31ENE_060mmHg_12500Hz_M1_C100_25	64.7436058	0.758815689	0.242261475	0.653372727	64.86168593	0.367495526	60
31ENE_060mmHg_12500Hz_M1_C100_26	64.99303216	0.89778566	0.493554989	0.62705597	64.86168593	0.367495526	60
31ENE_060mmHg_12500Hz_M1_C100_27	64.42858424	0.964675471	0.405985377	0.712799873	64.86168593	0.367495526	60
31ENE_060mmHg_12500Hz_M1_C100_28	64.81898726	0.698204209	0.604036523	0.627847732	64.86168593	0.367495526	60
31ENE_060mmHg_12500Hz_M1_C100_29	64.83942895	1.008293357	0.451511294	0.789100898	64.86168593	0.367495526	60
31ENE_060mmHg_12500Hz_M1_C100_30	64.52293697	0.987589496	0.442140038	0.867237575	64.86168593	0.367495526	60
31ENE_060mmHg_12500Hz_M1_C100_31	64.59225157	1.576434645	0.433831645	0.87121507	64.86168593	0.367495526	60
31ENE_060mmHg_12500Hz_M1_C100_32	64.16139216	1.025546315	0.444753024	1.109561336	64.86168593	0.367495526	60
31ENE_060mmHg_12500Hz_M1_C100_33	64.44336327	1.133144739	0.135730777	0.892468749	64.86168593	0.367495526	60
31ENE_060mmHg_12500Hz_M1_C100_34	64.61880876	0.867877809	0.389345801	0.630945474	64.86168593	0.367495526	60
31ENE_060mmHg_12500Hz_M1_C100_35	64.38749702	0.753149551	0.527716254	1.006921806	64.86168593	0.367495526	60
31ENE_060mmHg_12500Hz_M1_C100_36	64.31416716	0.790951641	0.363851359	0.404205891	64.86168593	0.367495526	60
31ENE_060mmHg_12500Hz_M1_C100_37	64.33949943	0.645384937	0.290765506	0.534436873	64.86168593	0.367495526	60
31ENE_060mmHg_12500Hz_M1_C100_38	64.17446356	0.63747701	0.53306041	0.465084933	64.86168593	0.367495526	60
31ENE_060mmHg_12500Hz_M1_C100_39	64.27031208	0.597323492	0.287209756	0.502572669	64.86168593	0.367495526	60
31ENE_060mmHg_12500Hz_M1_C100_40	64.30647575	0.744030607	0.278373513	0.512751382	64.86168593	0.367495526	60
31ENE_060mmHg_12500Hz_M1_C100_41	64.27612078	0.587595989	0.270872006	0.666416543	64.86168593	0.367495526	60
31ENE_060mmHg_12500Hz_M1_C100_42	64.07960552	0.548225562	0.232044444	0.757928827	64.86168593	0.367495526	60
31ENE_060mmHg_12500Hz_M1_C100_43	64.12491394	0.591233712	0.390757998	0.495034656	64.86168593	0.367495526	60
31ENE_060mmHg_12500Hz_M1_C100_44	64.29001811	0.464078802	0.320261054	0.514150928	64.86168593	0.367495526	60
31ENE_060mmHg_12500Hz_M1_C100_45	64.20986788	0.832207766	0.292574226	0.458657551	64.86168593	0.367495526	60
31ENE_060mmHg_12500Hz_M1_C100_46	64.10452521	0.785044868	0.330309424	0.435629833	64.86168593	0.367495526	60
31ENE_060mmHg_12500Hz_M1_C100_47	63.97822526	0.66828819	0.335128158	0.658035182	64.86168593	0.367495526	60
31ENE_060mmHg_12500Hz_M1_C100_48	64.03031081	0.576025882	0.412348068	0.609387076	64.86168593	0.367495526	60
31ENE_060mmHg_12500Hz_M1_C100_49	63.88477139	0.525153345	0.324537164	0.508024446	64.86168593	0.367495526	60
31ENE_060mmHg_12500Hz_M1_C100_50	64.09120941	0.657793141	0.369098174	0.501486803	64.86168593	0.367495526	60
31ENE_090mmHg_12500Hz_M1_C100_1	63.13394709	0.530616988	0.369657847	0.713489365	62.55180971	0.3578105	90
31ENE_090mmHg_12500Hz_M1_C100_2	63.08747413	0.589832985	0.217807467	0.626831972	62.55180971	0.3578105	90
31ENE_090mmHg_12500Hz_M1_C100_3	63.17542711	0.524251138	0.396864679	0.398200803	62.55180971	0.3578105	90
31ENE_090mmHg_12500Hz_M1_C100_4	63.18911302	0.720599889	0.204318155	0.499857401	62.55180971	0.3578105	90
31ENE_090mmHg_12500Hz_M1_C100_5	63.06381641	0.626604544	0.308547782	0.550338293	62.55180971	0.3578105	90
31ENE_090mmHg_12500Hz_M1_C100_6	63.11332725	0.472957004	0.30571544	0.65229451	62.55180971	0.3578105	90
31ENE_090mmHg_12500Hz_M1_C100_7	63.14379271	0.425966115	0.315629833	0.326501761	62.55180971	0.3578105	90
31ENE_090mmHg_12500Hz_M1_C100_8	62.96915311	0.553171528	0.447302101	0.56116996	62.55180971	0.3578105	90
31ENE_090mmHg_12500Hz_M1_C100_9	62.95987487	0.529005203	0.340940965	0.55249321	62.55180971	0.3578105	90
31ENE_090mmHg_12500Hz_M1_C100_10	62.85709169	0.661092635	0.356679823	0.65438537	62.55180971	0.3578105	90
31ENE_090mmHg_12500Hz_M1_C100_11	62.85995456	0.64467593	0.351252062	0.468792988	62.55180971	0.3578105	90
31ENE_090mmHg_12500Hz_M1_C100_12	62.95168424	0.547968104	0.320723597	0.541621732	62.55180971	0.3578105	90
31ENE_090mmHg_12500Hz_M1_C100_13	62.67375002	0.714773545	0.388027502	0.643364235	62.55180971	0.3578105	90
31ENE_090mmHg_12500Hz_M1_C100_14	62.9595641	0.893182195	0.305090626	0.658663817	62.55180971	0.3578105	90
31ENE_090mmHg_12500Hz_M1_C100_15	62.79464833	0.601278941	0.46527111	0.540327568	62.55180971	0.3578105	90
31ENE_090mmHg_12500Hz_M1_C100_16	62.95960378	0.861059714	0.325050123	0.619728276	62.55180971	0.3578105	90
31ENE_090mmHg_12500Hz_M1_C100_17	62.76578276	0.688738194	0.463712388	0.632766478	62.55180971	0.3578105	90
31ENE_090mmHg_12500Hz_M1_C100_18	62.66828141	0.611748448	0.302724419	0.656513379	62.55180971	0.3578105	90
31ENE_090mmHg_12500Hz_M1_C100_19	62.56844723	0.590734263	0.344787103	0.597840878	62.55180971	0.3578105	90
31ENE_090mmHg_12500Hz_M1_C100_20	62.68489733	0.463531395	0.382271983	0.416260749	62.55180971	0.3578105	90
31ENE_090mmHg_12500Hz_M1_C100_21	62.76972012	0.609281414	0.331326275	0.512377869	62.55180971	0.3578105	90
31ENE_090mmHg_12500Hz_M1_C100_22	63.03536564	0.875937781	0.297976532	0.573564597	62.55180971	0.3578105	90
31ENE_090mmHg_12500Hz_M1_C100_23	62.6472185	0.768201067	0.311840808	0.632583268	62.55180971	0.3578105	90
31ENE_090mmHg_12500Hz_M1_C100_24	62.46275316	0.603034783	0.429460528	0.629358746	62.55180971	0.3578105	90
31ENE_090mmHg_12500Hz_M1_C100_25	62.45414865	0.643349397	0.255237654	0.641000099	62.55180971	0.3578105	90
31ENE_090mmHg_12500Hz_M1_C100_26	62.52554056	0.604413934	0.316135864	0.401505086	62.55180971	0.3578105	90
31ENE_090mmHg_12500Hz_M1_C100_27	62.41639512	0.813464659	0.374953916	0.437160147	62.55180971	0.3578105	90
31ENE_090mmHg_12500Hz_M1_C100_28	62.46930431	0.755215066	0.373749528	0.647090815	62.55180971	0.3578105	90
31ENE_090mmHg_12500Hz_M1_C100_29	62.50652804	0.664484281	0.485484041	0.742921777	62.55180971	0.3578105	90
31ENE_090mmHg_12500Hz_M1_C100_30	62.40332345	0.497028339	0.417051198	0.669757846	62.55180971	0.3578105	90
31ENE_090mmHg_12500Hz_M1_C100_31	62.35748868	0.96332566	0.23512677	0.811016444	62.55180971	0.3578105	90
31ENE_090mmHg_12500Hz_M1_C100_32	62.30776176	0.552742186	0.37294966	0.493640223	62.55180971	0.3578105	90
31ENE_090mmHg_12500Hz_M1_C100_33	62.06445268	0.839834051	0.260550222	0.584802436	62.55180971	0.3578105	90
31ENE_090mmHg_12500Hz_M1_C100_34	62.3529956	0.724485948	0.25070281	0.491717341	62.55180971	0.3578105	90
31ENE_090mmHg_12500Hz_M1_C100_35	62.44787915	0.732707741	0.438052854	0.458433622	62.55180971	0.3578105	90
31ENE_090mmHg_12500Hz_M1_C100_36	62.16611673	0.67662221	0.472990418	0.661133883	62.55180971	0.3578105	90
31ENE_090mmHg_12500Hz_M1_C100_37	62.39228454	0.799489707	0.505515943	0.677065123	62.55180971	0.3578105	90
31ENE_090mmHg_12500Hz_M1_C100_38	62.31005129	0.864256921	0.394350243	0.467833606	62.55180971	0.3578105	90
31ENE_090mmHg_12500Hz_M1_C100_39	62.26771087	0.498886647	0.325330804	0.520248925	62.55180971	0.3578105	90
31ENE_090mmHg_12500Hz_M1_C100_40	62.13778792	0.573396993	0.375592191	0.639679939	62.55180971	0.3578105	90
31ENE_090mmHg_12500Hz_M1_C100_41	62.25054	0.641129511	0.410375951	0.419870137	62.55180971	0.3578105	90
31ENE_090mmHg_12500Hz_M1_C100_42	62.11626547	0.567706445	0.357637673	0.527245053	62.55180971	0.3578105	90
31ENE_090mmHg_12500Hz_M1_C100_43	62.0184627	0.811909123	0.409495875	0.480066591	62.55180971	0.3578105	90
31ENE_090mmHg_12500Hz_M1_C100_44	62.06771105	0.560464093	0.398955619	0.425417793	62.55180971	0.3578105	90
31ENE_090mmHg_12500Hz_M1_C100_45	62.03943273	0.659839595	0.461079167	0.628057591	62.55180971	0.3578105	90
31ENE_090mmHg_12500Hz_M1_C100_46	61.99310221	0.588956681	0.344863195	0.580092385	62.55180971	0.3578105	90
31ENE_090mmHg_12500Hz_M1_C100_47	62.20942746	0.748412134	0.409401466	0.59875645	62.55180971	0.3578105	90
31ENE_090mmHg_12500Hz_M1_C100_48	61.9309691	0.685136608	0.391920805	0.655863285	62.55180971	0.3578105	90
31ENE_090mmHg_12500Hz_M1_C100_49	61.8689669	0.528688716	0.335490043	0.460643073	62.55180971	0.3578105	90
31ENE_090mmHg_12500Hz_M1_C100_50	62.02114999	0.610110033	0.234551948	0.676924049	62.55180971	0.3578105	90
31ENE_110mmHg_12500Hz_M1_C100_1	61.74342221	0.697708758	0.416036378	0.546206777	61.1836659	0.396283048	110
31ENE_110mmHg_12500Hz_M1_C100_2	61.74301986	0.822934446	0.504402454	0.814145468	61.1836659	0.396283048	110
31ENE_110mmHg_12500Hz_M1_C100_3	61.56176787	0.587799588	0.452640036	0.870018351	61.1836659	0.396283048	110
31ENE_110mmHg_12500Hz_M1_C100_4	61.52139233	0.613153951	0.369798193	0.571414163	61.1836659	0.396283048	110
31ENE_110mmHg_12500Hz_M1_C100_5	61.55182297	0.502183576	0.323841678	0.623884745	61.1836659	0.396283048	110
31ENE_110mmHg_12500Hz_M1_C100_6	61.58566517	0.628749845	0.433061969	0.532750543	61.1836659	0.396283048	110
31ENE_110mmHg_12500Hz_M1_C100_7	61.54717759	0.622930759	0.244386701	0.53797692	61.1836659	0.396283048	110
31ENE_110mmHg_12500Hz_M1_C100_8	61.58548319	0.644853312	0.303240612	0.551554094	61.1836659	0.396283048	110
31ENE_110mmHg_12500Hz_M1_C100_9	61.34669484	0.745824119	0.418214824	0.651637089	61.1836659	0.396283048	110
31ENE_110mmHg_12500Hz_M1_C100_10	61.51107458	0.437346479	0.418592575	0.42462872	61.1836659	0.396283048	110
31ENE_110mmHg_12500Hz_M1_C100_11	61.25653816	0.678242048	0.413361432	0.406583981	61.1836659	0.396283048	110
31ENE_110mmHg_12500Hz_M1_C100_12	61.39347077	0.614364675	0.336484471	0.684999198	61.1836659	0.396283048	110
31ENE_110mmHg_12500Hz_M1_C100_13	61.42265164	0.558015103	0.335396375	0.670656176	61.1836659	0.396283048	110
31ENE_110mmHg_12500Hz_M1_C100_14	61.43753265	0.659825389	0.616733095	0.786193792	61.1836659	0.396283048	110
31ENE_110mmHg_12500Hz_M1_C100_15	61.45041545	0.659603893	0.453944974	0.522326833	61.1836659	0.396283048	110
31ENE_110mmHg_12500Hz_M1_C100_16	61.3645693	0.563362609	0.545034349	0.553452279	61.1836659	0.396283048	110
31ENE_110mmHg_12500Hz_M1_C100_17	61.31803557	0.679542437	0.290869993	0.542265826	61.1836659	0.396283048	110
31ENE_110mmHg_12500Hz_M1_C100_18	61.43463045	0.442231026	0.470180599	0.630365932	61.1836659	0.396283048	110
31ENE_110mmHg_12500Hz_M1_C100_19	61.23057244	0.737260662	0.497742682	0.702327609	61.1836659	0.396283048	110
31ENE_110mmHg_12500Hz_M1_C100_20	61.17277189	0.493326013	0.382279724	0.555477179	61.1836659	0.396283048	110
31ENE_110mmHg_12500Hz_M1_C100_21	61.23858573	0.734331242	0.339859212	0.584015566	61.1836659	0.396283048	110
31ENE_110mmHg_12500Hz_M1_C100_22	61.18104493	0.51954542	0.427348894	0.59313739	61.1836659	0.396283048	110
31ENE_110mmHg_12500Hz_M1_C100_23	61.20477223	0.472814944	0.425784476	0.410964881	61.1836659	0.396283048	110
31ENE_110mmHg_12500Hz_M1_C100_24	61.14895221	0.512085683	0.374415227	0.639901734	61.1836659	0.396283048	110
31ENE_110mmHg_12500Hz_M1_C100_25	61.0778773	0.549911885	0.148053057	0.625226607	61.1836659	0.396283048	110
31ENE_110mmHg_12500Hz_M1_C100_26	61.18204497	0.731013676	0.460759747	0.604404702	61.1836659	0.396283048	110
31ENE_110mmHg_12500Hz_M1_C100_27	61.27200692	0.771611263	0.488141028	0.602679209	61.1836659	0.396283048	110
31ENE_110mmHg_12500Hz_M1_C100_28	61.23097615	0.644791934	0.400608897	0.839577325	61.1836659	0.396283048	110
31ENE_110mmHg_12500Hz_M1_C100_29	61.05481613	0.773406872	0.34552347	0.80716447	61.1836659	0.396283048	110
31ENE_110mmHg_12500Hz_M1_C100_30	61.02058244	0.698442066	0.481871794	0.677480541	61.1836659	0.396283048	110
31ENE_110mmHg_12500Hz_M1_C100_31	60.95879227	0.559805347	0.327955544	0.542095903	61.1836659	0.396283048	110
31ENE_110mmHg_12500Hz_M1_C100_32	61.06149319	0.675288924	0.374861989	0.715711818	61.1836659	0.396283048	110
31ENE_110mmHg_12500Hz_M1_C100_33	60.89157058	0.45729263	0.425474605	0.566996336	61.1836659	0.396283048	110
31ENE_110mmHg_12500Hz_M1_C100_34	60.88513405	0.610930187	0.356445564	0.621486839	61.1836659	0.396283048	110
31ENE_110mmHg_12500Hz_M1_C100_35	61.06859491	0.556015208	0.424703321	0.551932838	61.1836659	0.396283048	110
31ENE_110mmHg_12500Hz_M1_C100_36	60.93756368	0.767249665	0.439742991	0.643232583	61.1836659	0.396283048	110
31ENE_110mmHg_12500Hz_M1_C100_37	60.93529786	0.51925995	0.385949649	0.447769105	61.1836659	0.396283048	110
31ENE_110mmHg_12500Hz_M1_C100_38	60.884676	0.671317207	0.461426782	0.528964587	61.1836659	0.396283048	110
31ENE_110mmHg_12500Hz_M1_C100_39	60.97711347	0.48884297	0.303044465	0.628760484	61.1836659	0.396283048	110
31ENE_110mmHg_12500Hz_M1_C100_40	60.92234586	0.557835676	0.289767974	0.617682723	61.1836659	0.396283048	110
31ENE_110mmHg_12500Hz_M1_C100_41	61.04293748	0.6492796	0.353989905	0.588044462	61.1836659	0.396283048	110
31ENE_110mmHg_12500Hz_M1_C100_42	60.96878258	0.566193986	0.545233751	0.57263088	61.1836659	0.396283048	110
31ENE_110mmHg_12500Hz_M1_C100_43	60.82102806	0.650932722	0.503426314	0.528200827	61.1836659	0.396283048	110
31ENE_110mmHg_12500Hz_M1_C100_44	60.75627493	0.736460722	0.573135045	0.65574561	61.1836659	0.396283048	110
31ENE_110mmHg_12500Hz_M1_C100_45	60.69620756	0.482990997	0.309320837	0.588347691	61.1836659	0.396283048	110
31ENE_110mmHg_12500Hz_M1_C100_46	60.96676103	0.645577894	0.471509057	0.759426934	61.1836659	0.396283048	110
31ENE_110mmHg_12500Hz_M1_C100_47	60.92655507	0.646575408	0.236081866	0.831498286	61.1836659	0.396283048	110
31ENE_110mmHg_12500Hz_M1_C100_48	60.99106299	0.796466174	0.28399677	0.595200881	61.1836659	0.396283048	110
31ENE_110mmHg_12500Hz_M1_C100_49	61.03441866	0.75402715	0.180423635	0.511673421	61.1836659	0.396283048	110
31ENE_110mmHg_12500Hz_M1_C100_50	60.66631687	0.650050247	0.449053408	0.72591019	61.1836659	0.396283048	110
